2171.858347	-3425.869049	0.000000	5872768.929922
3472.362653	-3485.494377	440269.314014	5852628.160958
3842.477106	-797.677186	567278.558004	6759628.021805
523.541111	-3125.197901	-558222.853321	5975085.312010
925.437482	-1016.334419	-419811.820278	6688511.747330
1830.501183	-1582.916894	-114615.579326	6495486.003452
2506.573248	-1636.787027	115037.563528	6476954.933129
2765.298294	-1328.370833	202850.151808	6581763.353384
1834.914404	-3120.935901	-113794.319646	5976126.482765
3004.010298	-2636.235865	282438.472655	6140102.388455
1279.264910	-2333.091651	-301171.041851	6243264.823017
559.956418	-1697.578715	-544640.867389	6458477.030005
3207.474410	-1908.917995	351831.495264	6385727.608711
3627.665816	-1928.203008	493965.968003	6378809.233552
3464.271292	-1640.091067	438236.924632	6476079.609488
3395.988716	-1260.263173	415813.272740	6604401.959940
2037.344479	-1012.139811	-44076.319071	6689093.960740
2097.743579	-2328.788060	-24064.407191	6244015.248181
2486.424576	-2215.526076	107522.997087	6282136.189307
1349.484611	-3104.659420	-278067.050720	5981926.084264
2623.990489	-3309.257657	153493.658145	5912039.534257
3569.388394	-2844.187787	473482.771333	6069712.816609
1424.650337	-1516.382290	-251142.522879	6519009.030015
1350.559748	-1018.255077	-275859.831958	6687469.259996
2806.985490	-802.102375	217351.593796	6758801.132393
2865.694037	-1322.271827	236634.586460	6583264.272824
2880.665619	-1623.369888	241507.716189	6481419.925476
976.456812	-2588.120677	-404345.636064	6157176.380421
1881.219563	-2573.537966	-97772.266755	6161415.463564
1590.227441	-727.361209	-194488.217895	6785688.300034
678.851031	-1186.058958	-503535.566140	6631238.552207
1405.684652	-1927.202323	-258102.531887	6380172.718269
519.124722	-2437.623927	-559255.781787	6208381.678564
2395.877778	-1172.004177	78018.288826	6633861.941791
1996.369825	-1942.716598	-58682.934743	6374041.326955
3300.509582	-2205.192880	382667.242225	6285712.518734
3398.349885	-2554.757486	415857.290845	6167356.260311
2803.848440	-2205.564071	215000.848882	6285440.722946
2499.011865	-2764.213587	111322.350412	6096746.427402
998.366394	-3303.423587	-396900.723600	5914663.102607
699.484841	-2839.444459	-498335.713296	6071925.435127
3023.777725	-2993.136030	288751.460394	6019657.257959
3739.579262	-1640.052180	531158.045636	6475682.871052
3112.458514	-1004.507111	319937.679579	6690182.275773
3611.566953	-1072.576878	488674.053552	6667012.031363
2035.070004	-1231.008002	-44752.053814	6614897.427573
947.448932	-2008.445672	-413305.498597	6353115.858574
3181.524215	-1524.506092	342976.563608	6515167.222290
1667.964510	-1305.489577	-168739.687827	6589759.029453
3412.204413	-704.037713	421778.765271	6791156.143291
3655.093351	-570.163270	504028.214906	6836554.448615
2205.810522	-2521.031046	12179.978187	6179082.819905
1004.673143	-857.107510	-393209.667270	6742131.541196
3184.527205	-3175.468483	342903.396632	5957643.988958
1675.902409	-3472.949449	-167931.547683	5856661.453393
3798.093064	-3263.048095	550117.301674	5927600.804768
1370.432499	-2667.182365	-270633.383090	6130210.805615
2245.482276	-3096.421541	25247.030015	5984302.886305
3764.670037	-2217.560246	539556.273953	6280893.685553
1020.501418	-1490.477037	-387904.016394	6527739.374709
557.710682	-1394.523656	-545064.110456	6561069.251062
1642.401994	-2127.612713	-178233.358640	6311881.529919
540.785078	-2576.987181	-551882.941123	6161001.966919
2099.021947	-1449.539472	-22713.987881	6540576.908985
2615.033958	-1827.552453	151459.685541	6413016.283303
3805.699523	-2599.602474	552831.460819	6151776.467848
427.039349	-3336.087458	-591276.514501	5903759.982620
2779.858097	-2480.536911	206649.353520	6192339.986732
1982.516200	-3342.930432	-64068.042875	5901015.312447
2238.242596	-2136.567309	23768.985862	6308891.867787
2303.776094	-1585.033745	45849.559072	6494389.956040
3672.719563	-1344.156384	509224.782676	6575904.053542
2934.196214	-3463.013457	258304.666327	5860058.083226
1301.000776	-3322.104310	-294584.685345	5908365.494148
392.069916	-2947.025491	-602700.305336	6035778.656350
1842.444838	-2764.375482	-111322.350412	6096746.427402
2524.723597	-1060.829929	121663.494966	6671863.448507
3609.320289	-2868.461781	486733.393579	6061561.956870
3258.189885	-3144.132772	367655.234710	5968530.303074
3347.093295	-2835.168071	398191.668208	6073008.569907
2398.707694	-3396.214786	77134.821065	5882590.695337
3195.302730	-1249.096336	347853.117483	6608429.868629
1745.061943	-898.103735	-142130.736629	6728111.549431
2520.002004	-896.099455	120269.457144	6727514.121478
710.872278	-1932.364785	-493965.968003	6378809.233552
1619.122417	-1770.013348	-185722.896318	6432691.747499
3788.042059	-2795.152921	547082.093470	6085922.442782
2651.115021	-2952.965760	162708.781224	6033065.998276
3666.692308	-3082.970560	505933.540428	5988728.796701
3441.069741	-1779.976678	430630.762616	6428923.728478
3133.660539	-2381.206259	326374.445141	6226186.697511
3013.812838	-2168.129817	286099.210866	6298121.013203
2991.865980	-1783.556101	279013.446555	6427666.497998
3225.387503	-1658.591905	357658.347961	6469737.206994
3756.146256	-1804.074107	536970.691801	6420385.631334
1359.940338	-2144.308472	-273704.454539	6306738.218470
1269.575010	-1288.130061	-303599.190627	6596211.894726
1498.154603	-1381.797977	-226218.250069	6564216.325870
2381.479974	-2354.088867	72317.845137	6235185.226762
2275.502766	-2246.002583	35906.532647	6271889.004312
1958.707329	-2162.841158	-71431.583309	6300058.101080
2636.017598	-1441.896716	158971.542036	6543059.008808
2366.572315	-1365.015390	67760.186105	6568798.197754
976.600698	-3082.227125	-404272.464433	5989694.096929
418.632801	-2700.882093	-593591.303981	6118797.196158
656.877321	-2506.144515	-512550.815584	6185049.957131
2750.412801	-2646.660795	196525.290602	6136285.578541
2456.868738	-2490.190673	97265.661325	6189226.116542
2414.090088	-2105.986849	83040.523812	6318766.892804
2133.694742	-1806.142925	-11631.337547	6420054.822417
1895.230838	-1722.114984	-92539.285209	6448685.644976
2843.973362	-3138.127499	227921.299537	5970345.885085
3426.413502	-2029.473637	425846.861582	6344834.246551
3339.202533	-1375.858053	396337.712733	6565594.785535
1908.484020	-845.506230	-87134.935916	6745363.244165
1576.940213	-1083.480674	-199430.836571	6665151.201766
2792.534007	-1958.190391	211583.663957	6368776.618783
2096.460569	-2767.465561	-24739.945870	6095662.161824
971.728657	-1707.397658	-405191.087876	6454728.484796
2884.477501	-2393.956290	241827.589083	6221658.757563
1273.749029	-2442.021132	-303280.478483	6206244.818237
731.347898	-3337.033539	-487926.484213	5903184.109555
794.885977	-2161.106592	-465353.523939	6301708.486871
2295.105384	-982.875038	43991.827567	6698371.235258
2817.860033	-1022.189776	220730.776716	6684642.663358
2717.218652	-971.672532	186921.172573	6701788.779020
2872.942597	-1459.024311	238849.860679	6536966.889096
3095.487426	-757.588138	314427.266212	6773518.495873
3029.585582	-1259.233555	291819.641179	6604788.847561
723.614967	-1079.914334	-488674.053552	6667012.031363
1740.684038	-1089.084256	-144052.672800	6663196.091630
2592.951789	-2267.140558	143862.572496	6264463.377329
2272.225020	-1944.008032	35210.247565	6373827.552678
1868.020034	-1364.949930	-101636.327597	6569376.717321
1872.327614	-1119.191642	-99926.400754	6652812.740025
2640.584920	-1578.485513	160448.502310	6496738.531666
2099.504520	-1231.446197	-22376.258891	6614744.591061
1557.993392	-2509.327230	-207008.112754	6183075.601994
1165.126857	-1886.001989	-339509.708360	6394186.532894
2094.873201	-3451.690700	-25796.971927	5863531.740989
1570.630730	-3196.177329	-203285.082368	5950804.107695
1142.937663	-2819.005611	-347898.898424	6078867.884634
789.515112	-3095.446016	-468081.980096	5985402.358483
584.548361	-2141.153040	-536712.477602	6308553.038017
1261.467263	-876.570294	-305965.101705	6735763.902946
3277.903609	-3417.032192	373785.660613	5875817.381504
3675.455425	-2419.767230	509895.041763	6212738.148360
3627.980212	-1570.000165	493914.376105	6499842.096438
2132.574279	-2959.127343	-12517.876911	6030672.136435
1580.948809	-2895.180966	-199565.951624	6052853.085619
2466.273693	-2985.037420	100306.601413	6022290.421681
2625.955610	-3365.147242	154001.357885	5893461.618971
2732.265257	-3169.967418	190267.751953	5959637.683683
2991.984156	-2417.116415	278555.949033	6214176.833650
615.560208	-1152.655281	-524840.917339	6642801.705832
1182.499164	-1089.641594	-332852.360414	6663160.792451
3086.424788	-2769.818411	309611.153810	6095143.291226
2793.920422	-2810.085098	210955.696858	6081135.541754
3532.580835	-3288.061989	460783.536084	5919545.046410
1179.978876	-3452.297894	-335715.989983	5864115.505350
991.158406	-3413.026461	-399522.546748	5877578.035461
681.032918	-1515.910815	-503508.959007	6519422.604980
3483.493542	-2272.099604	444666.705611	6262701.077107
3146.373584	-2022.041295	330770.443220	6347186.398667
3073.501948	-1971.625537	306076.148130	6364235.477203
2026.700967	-2493.116139	-48634.847523	6188561.745888
1779.584801	-2296.879891	-132108.749920	6254883.752215
1424.432277	-2285.059490	-252137.889798	6259258.162164
1072.974617	-2237.856723	-371382.696035	6275609.555668
2561.940835	-2405.628254	133037.240691	6217817.945619
2033.395406	-1613.025565	-45933.962986	6485122.299095
3688.284000	-1175.287845	514684.750448	6632397.683385
3275.181907	-993.097579	374997.245666	6694137.849415
1361.462876	-2859.083320	-273884.551981	6065357.398497
3299.629953	-2673.625641	381843.941177	6127637.722074
3032.885422	-3156.941176	291667.262309	5964026.840682
2358.838162	-871.905793	65479.566528	6735735.712776
1218.468539	-1585.929275	-321324.436826	6495158.785484
945.823757	-1183.469968	-413472.779361	6632119.585688
1516.132711	-2701.075057	-221837.916148	6118703.148601
3021.905406	-1121.047644	289076.594645	6651072.912175
2900.564593	-742.221613	248954.671667	6778937.904416
2889.634217	-1128.471502	244643.858426	6648642.569682
2563.436406	-1251.112267	134494.621878	6607258.497036
2848.857136	-3248.141405	229443.406653	5933225.810275
1593.949062	-1522.009107	-194097.378124	6516474.721905
2350.447808	-2574.537261	61109.725760	6160872.852978
900.428777	-1315.932144	-428625.994326	6586888.776830
3073.129272	-1421.312612	306446.804136	6549947.263538
2478.986448	-1886.080053	105244.425637	6393319.272985
3319.086055	-2946.992955	388386.923917	6035088.781661
2240.056158	-2383.490652	24148.823891	6225476.742109
1527.044182	-3358.949844	-218141.259336	5895579.856916
651.388057	-2561.224179	-514321.547156	6166588.914246
3724.343111	-2912.812226	525836.539019	6046537.540057
3417.269907	-1505.925989	422832.997159	6521269.875033
3674.209117	-2033.105139	509313.157785	6343056.330756
3058.246422	-1725.075288	301141.941563	6447491.496633
1546.680139	-1906.107504	-210824.329291	6387294.737081
3237.442622	-1823.020127	361579.513436	6414273.250523
2982.335293	-1619.033870	275976.622811	6483187.227584
3203.513818	-1357.688067	350468.342326	6571438.132938
1956.997318	-2299.024666	-72064.610223	6253721.596260
2821.163630	-2616.998894	220698.017132	6146502.201848
542.713224	-1860.501230	-550579.330546	6403193.794763
3442.415295	-1034.013815	431653.377477	6680240.880647
2620.984674	-2019.005062	153379.377330	6348176.631937
1948.788693	-2958.146507	-75104.990368	6031170.886306
1949.173171	-2985.097407	-75231.770977	6021890.759132
2246.380781	-3370.912346	25669.997746	5891416.171895
1865.925540	-3532.030325	-103690.579722	5836523.272676
2019.089996	-3506.523656	-51762.753205	5845113.728519
2058.424154	-3452.022815	-38695.290735	5863605.158294
1755.530853	-3365.051987	-141170.716686	5893125.598222
2022.076710	-3150.872084	-50662.657878	5965905.592857
1905.870305	-3395.094969	-89989.613847	5882780.948015
2133.084637	-3396.948934	-12856.192257	5882078.465964
3324.042524	-795.831586	391689.980699	6760630.905980
3378.264358	-680.034579	410189.014228	6799457.835993
3615.285636	-795.727778	490253.271700	6760424.899647
3523.721311	-528.510734	459459.938395	6850646.823043
3251.409458	-690.567124	367102.594830	6795918.371061
3545.500883	-747.105956	466721.060325	6776716.262482
3499.084976	-613.912893	451468.228122	6821876.161754
2285.583587	-3452.111094	38695.290735	5863605.158294
2132.511427	-3507.023665	-12940.856005	5844892.754054
2059.133640	-3315.887978	-38377.890546	5910073.645549
2094.962471	-3397.065929	-25712.317872	5882122.371946
1942.756760	-3451.039678	-77388.776208	5864001.606265
2018.981137	-3451.842713	-51593.408957	5863707.941990
2020.488508	-3369.985996	-51339.463229	5891591.505625
1718.338337	-3337.141387	-153747.494787	5902751.060676
2095.897303	-3178.897723	-25373.878048	5956446.158273
712.083291	-3116.069470	-494142.395253	5978341.335201
